1.107718915923473446e+02,1.113905350308721154e+02,9.056161127046708259e+01,8.302243227051197039e+01
1.125235431802951922e+02,1.101564191004068078e+02,9.076645623464246171e+01,5.717734110384057544e+01
1.095744584931438368e+02,1.100787129424061135e+02,4.535843318215372477e+01,9.168921660424149422e+01
1.114748364878512916e+02,1.128233107988635027e+02,4.141380800040482768e+01,5.152242462430800174e+01
1.123945124115352030e+02,9.702646154533566403e+01,9.124973219180759543e+01,9.035255246278873642e+01
0.000000000000000000e+00,0.000000000000000000e+00,0.000000000000000000e+00,0.000000000000000000e+00
1.131239630909188207e+02,2.019402853314041479e+01,1.194168604841270387e+01,8.877627433824125092e+01
1.104675564590513090e+02,3.414702612449179719e-01,-1.438722992042224114e+01,3.208608889268780295e-01
6.920443008792474870e+01,1.088182031270943497e+02,9.090301124512878062e+01,9.092346932841715557e+01
4.663619038829034480e+01,1.120025777290469335e+02,9.152936875686930307e+01,9.064291171921976087e+00
0.000000000000000000e+00,0.000000000000000000e+00,0.000000000000000000e+00,0.000000000000000000e+00
6.880405576955469371e+01,2.093012945319759410e+01,8.701235750432683602e+00,-2.572802157599215889e+01
4.090146814200107173e+01,3.218110226482519209e+01,8.313231431864670640e+01,8.595936021958222284e+01
-4.675939626679924466e+00,8.512811619949867747e+01,4.604262809147381574e+01,-4.485881951308064330e+00
3.402600853964751337e+01,0.000000000000000000e+00,1.094261120031097789e+01,8.484607563463857360e+00
-7.650663834198212932e-04,0.000000000000000000e+00,0.000000000000000000e+00,0.000000000000000000e+00
8.785411479715494920e+01,1.482781666388347048e+02,9.049505419918853022e+01,1.054282742050170896e+02
8.672090109098054711e+01,1.618996301274831922e+02,9.021374642986766901e+01,7.046325563416209548e+01
8.819291729075909814e+01,1.480615001136174556e+02,7.006437247766028520e+01,1.091372948749377798e+02
8.366887344187098563e+01,1.537066331682840712e+02,4.309477933032280994e+00,4.741434330691182453e+01
8.873272843931734144e+01,1.392322188675614996e+02,9.169940136431982580e+01,1.049755552618179308e+02
0.000000000000000000e+00,0.000000000000000000e+00,0.000000000000000000e+00,0.000000000000000000e+00
8.232872054841348586e+01,6.296349636421027895e+01,2.938662722752822276e+01,1.048285219168859612e+02
5.706880871408046119e+01,0.000000000000000000e+00,0.000000000000000000e+00,0.000000000000000000e+00
4.533264781269580368e+01,1.525635703354976727e+02,8.290530101391343010e+01,1.030027682665973572e+02
7.462673778614249187e+00,1.515865973878163970e+02,9.182715908298817453e+01,6.491463110513791435e+01
0.000000000000000000e+00,0.000000000000000000e+00,0.000000000000000000e+00,0.000000000000000000e+00
2.911230877791080474e+01,0.000000000000000000e+00,0.000000000000000000e+00,-1.900000000000000000e+01
1.091678250509696113e+01,6.771944268134356548e+01,9.112044026950034947e+01,1.051227550048122623e+02
-1.286169475946473639e+01,4.350846604393886707e+01,9.392284773207151716e+00,0.000000000000000000e+00
-2.565172576069079557e+00,-1.000000000000000000e+01,1.368424495899727411e+01,0.000000000000000000e+00
0.000000000000000000e+00,0.000000000000000000e+00,0.000000000000000000e+00,0.000000000000000000e+00
7.981616142721064477e+01,1.075809777885023664e+02,1.097232918537365691e+02,8.124104314500250723e+01
8.766153726446226813e+01,1.086199510932266605e+02,1.179432226287496803e+02,6.501499074252778598e+01
8.450193091718765004e+01,1.097585900114294333e+02,9.757714769600893590e+01,8.968095262821539393e+01
8.848298791939647856e+01,1.094699671704681094e+02,3.110158361548058181e+01,3.686011766871968121e+01
8.653561055678433434e+01,8.076919844426967643e+01,1.108794259930864570e+02,8.675518976978264618e+01
0.000000000000000000e+00,0.000000000000000000e+00,0.000000000000000000e+00,0.000000000000000000e+00
8.191441798252105855e+01,3.125166998841044830e+01,4.580847941685394886e+01,8.950320720060497592e+01
7.298769920889699847e+01,0.000000000000000000e+00,-5.014979764368864501e+00,0.000000000000000000e+00
1.940476537646229360e+01,1.088200320715228173e+02,1.118779601825616794e+02,8.439005366047331336e+01
2.760964486585289279e+01,1.076983151417055780e+02,1.098069472154342634e+02,5.927606902100431086e+01
-4.552508460910865473e+00,0.000000000000000000e+00,0.000000000000000000e+00,0.000000000000000000e+00
1.283987685639710641e+01,1.079075681639797750e+02,1.922712319105835732e+01,-2.560871323579082670e+01
7.157113288459244771e-01,4.975742213893789057e+01,1.093195380914798704e+02,8.939205492626571470e+01
-1.694425359408552367e+01,5.163915714324247830e+01,2.923966915582132486e+01,6.856980730620421301e-03
3.508195043836045635e+00,-9.452476053276544832e+00,6.044774215360188663e+01,1.607555636539349919e+01
0.000000000000000000e+00,0.000000000000000000e+00,0.000000000000000000e+00,0.000000000000000000e+00
1.518302927105917774e+02,9.151443835641941860e+01,9.377737465710430342e+01,9.135184055554287852e+01
1.474080821678386428e+02,8.522648663680490699e+01,9.933090040211781968e+01,7.760132192898032599e+01
1.451313169215771381e+02,9.187284201427479502e+01,5.127129253379460749e+01,8.934335980628264906e+01
1.409036132590211139e+02,9.191315682778662222e+01,2.788667259949757948e+01,2.495589530138790835e+01
1.477895938372482192e+02,7.417641808209936016e+01,9.887233220808023759e+01,8.748595864045135784e+01
0.000000000000000000e+00,0.000000000000000000e+00,0.000000000000000000e+00,0.000000000000000000e+00
1.462917440821324817e+02,2.066748700660291149e+01,4.974032416263396073e+01,9.197107424975907009e+01
4.648714155380718438e+01,9.065758008506767496e+00,0.000000000000000000e+00,3.373140614796028836e-02
9.235904914144526856e+01,9.178530007557465353e+01,9.164629115362129141e+01,8.648384962570952439e+01
8.131660457589896396e+01,8.490539182933287066e+01,8.989126399831717151e+01,9.766618894824121710e+00
0.000000000000000000e+00,0.000000000000000000e+00,0.000000000000000000e+00,0.000000000000000000e+00
3.316714632725055178e+00,3.180233106508431717e+01,0.000000000000000000e+00,0.000000000000000000e+00
6.460824437602703085e+01,2.587398138754571164e+01,8.444262475706867122e+01,9.203945476781574087e+01
-8.811823019738689311e+00,-1.242644296673468540e+00,1.772458605650612995e+01,-5.588459015102089644e-01
1.714347191296420192e+01,0.000000000000000000e+00,0.000000000000000000e+00,8.860495884267804101e+00
0.000000000000000000e+00,0.000000000000000000e+00,0.000000000000000000e+00,0.000000000000000000e+00
7.350665007450568567e+01,8.640190307983429818e+01,1.279620585247500060e+02,9.025134579474426744e+01
9.702684930090896387e+01,9.216020802638436749e+01,1.103629287835232304e+02,4.066047791995288208e+00
8.207450147427674381e+01,9.316454140313069843e+01,6.371473099899876757e+00,8.947638129822570363e+01
8.337142641560951972e+01,9.356144503570756399e+01,6.474035828794278302e+00,8.381042827690574626e-01
9.518900539213281320e+01,1.674214570976428895e-02,1.166371806146565007e+02,9.257271991920440257e+01
0.000000000000000000e+00,0.000000000000000000e+00,0.000000000000000000e+00,0.000000000000000000e+00
8.068824360953432517e+01,5.650043791254882208e+00,-6.666537935058165498e-01,9.862885502271696225e+01
1.862375640493402074e+01,0.000000000000000000e+00,0.000000000000000000e+00,0.000000000000000000e+00
6.624852569956475179e+01,8.989442005195945740e+01,1.212103166051509362e+02,9.136590539565975178e+01
2.559420749734502820e+01,8.771504964193263731e+01,1.127038324252419841e+02,2.791230599639954590e+01
0.000000000000000000e+00,0.000000000000000000e+00,0.000000000000000000e+00,0.000000000000000000e+00
0.000000000000000000e+00,1.137799825665967113e+01,0.000000000000000000e+00,0.000000000000000000e+00
2.386617484173007231e+00,2.651981438873205121e+01,1.180376294868509746e+02,9.594528236052850900e+01
-2.462667699779843744e+01,-4.592820859011228052e+00,2.763350657426978074e+01,-1.153583054750086517e-01
-2.443499158012255812e+00,-3.789520100933539748e+00,0.000000000000000000e+00,0.000000000000000000e+00
0.000000000000000000e+00,0.000000000000000000e+00,0.000000000000000000e+00,0.000000000000000000e+00
1.114903914518569081e+02,9.000602028519719511e+01,8.443410245950869353e+01,1.114391192803447979e+02
1.114337594854067248e+02,9.185934219613197627e+01,9.138882744917361833e+01,8.416562783958747218e+01
1.105131020053747903e+02,9.173924250309367778e+01,5.057147754341686863e+01,1.136166837802322362e+02
1.135294682857086457e+02,9.094121338896982820e+01,4.689728237611198836e+01,3.194553159252381391e+01
1.146469309979402169e+02,4.475106655035074255e+01,9.204241254019325424e+01,1.103898802299439126e+02
0.000000000000000000e+00,0.000000000000000000e+00,0.000000000000000000e+00,0.000000000000000000e+00
1.109938851173099579e+02,5.139380070903252573e+01,3.206735228242641966e+01,1.145054118462336561e+02
1.116595567417680712e+02,1.239407157252969682e-01,-2.435665333458716830e+01,2.119846934557211782e+01
7.530368300279124583e+01,8.875921684193768613e+01,9.062032760056955283e+01,1.100228742767305761e+02
4.140817149168712064e+01,8.626318305523514596e+01,7.845079724097283247e+01,6.308679252617035615e+01
1.123789255520167174e+01,0.000000000000000000e+00,0.000000000000000000e+00,0.000000000000000000e+00
-2.408919044874450466e-01,5.509201373409895552e+01,-1.791035695129690630e+00,-1.631966393931378434e+00
5.203080429515716787e+01,7.269612981796964135e+00,9.153293229041216250e+01,1.124352720702658956e+02
-2.046043208958867154e+01,-6.560021463373478134e+00,8.690818452707713959e+01,1.885762595347242865e+01
9.819293729790362590e+01,-1.809912861932502182e+01,-8.740060767856838719e-01,1.125239390487227986e+01
0.000000000000000000e+00,0.000000000000000000e+00,0.000000000000000000e+00,0.000000000000000000e+00
8.342385743057337777e+01,1.084775655833377641e+02,9.103883010891235017e+01,1.439609065471201177e+02
8.885828016915428407e+01,1.044343875248903686e+02,9.127016170739153722e+01,1.339361365013851355e+02
8.565170149160837809e+01,1.048291689892830476e+02,5.007981940665678877e+01,1.499180091351269937e+02
8.561186123432649708e+01,1.022601236210982876e+02,4.145931882979679983e+01,3.603282314070454362e+01
8.751446569905812112e+01,8.343940568651743206e+01,8.983128268425249985e+01,1.357621763202503473e+02
0.000000000000000000e+00,0.000000000000000000e+00,0.000000000000000000e+00,0.000000000000000000e+00
8.806175430133487225e+01,6.040188390919423256e+01,9.352774841237318171e+00,1.506551155248504585e+02
9.076885917379485136e+00,0.000000000000000000e+00,0.000000000000000000e+00,3.859956880407055024e+01
4.898167921915217704e+01,1.050393880831964850e+02,9.159758400699361403e+01,1.416189254292182795e+02
2.426256650339396614e+01,1.070940046258287452e+02,9.155988691149916292e+01,7.714053784380629963e+01
0.000000000000000000e+00,0.000000000000000000e+00,0.000000000000000000e+00,0.000000000000000000e+00
-2.169976100081899784e+00,1.105678697183517833e+01,0.000000000000000000e+00,0.000000000000000000e+00
7.480263411600798662e+00,4.909211658019252411e+01,8.528289271688078088e+01,1.456480484409676421e+02
-8.490491622282505091e+00,2.070668768835382423e+01,0.000000000000000000e+00,0.000000000000000000e+00
8.458993287251146853e+00,-2.710000000000000142e+01,0.000000000000000000e+00,8.309039961650016437e+01
0.000000000000000000e+00,0.000000000000000000e+00,0.000000000000000000e+00,0.000000000000000000e+00
8.809185464965895562e+01,8.046963785557768745e+01,1.105461150214060808e+02,1.076560729103199492e+02
8.638160721044710044e+01,8.271176686342869289e+01,1.110444987319196173e+02,6.467117912443094951e+01
8.841431745830566058e+01,8.553274921597845548e+01,9.320696738680595672e+01,1.114772958990749174e+02
8.838154601370534635e+01,8.036087421633939698e+01,5.350422634555208390e+01,2.975950626697665413e+01
8.854903616626074836e+01,5.643259574937086143e+01,1.143709813742758712e+02,1.104088858778231952e+02
0.000000000000000000e+00,0.000000000000000000e+00,0.000000000000000000e+00,0.000000000000000000e+00
8.847850519006085790e+01,2.264281835468630177e+01,6.340844448074900441e+01,1.121487347260105452e+02
7.773168839666340091e+01,-3.868120930270192659e+00,-1.553146362234280353e+01,1.068881993185514112e+01
6.317102799269643043e+01,8.914245777529700376e+01,1.103144154929712073e+02,1.091145723833230363e+02
1.651473181249916067e+01,8.472224455438451685e+01,1.111126700175184823e+02,5.538537722934231766e+01
0.000000000000000000e+00,0.000000000000000000e+00,0.000000000000000000e+00,0.000000000000000000e+00
-8.981525267135580748e+00,8.545794877510002152e+01,2.089086379238906233e+01,-1.775522469590119279e+00
2.074421500433268051e+01,6.108994834609825375e+01,1.124782206240748508e+02,1.096270528023772499e+02
-1.818113221573277372e+01,8.713672205568171236e+00,9.809487952119081910e+01,0.000000000000000000e+00
1.854813024461686410e+01,0.000000000000000000e+00,6.464574848249117167e+01,5.575584336340227765e+01
0.000000000000000000e+00,0.000000000000000000e+00,0.000000000000000000e+00,0.000000000000000000e+00
