1.111064534392332632e+02,1.112489184359498751e+02,7.836199201138532544e+01,9.036779206149336119e+01
1.102691356814671764e+02,1.090707125399931101e+02,8.979869530094292429e+01,2.801560307054631238e+01
1.118979270724579607e+02,1.091874797641412016e+02,5.358679059064461114e+01,9.146878750656685497e+01
1.107390097580964436e+02,1.118397423273446520e+02,2.797767003626571380e+01,6.996025318700056062e+01
1.121176585323935626e+02,7.529774862114041412e+01,8.926543363844875500e+01,9.061671440618691520e+01
0.000000000000000000e+00,0.000000000000000000e+00,0.000000000000000000e+00,0.000000000000000000e+00
1.123889629388271771e+02,4.192080396381357588e+01,3.858239719760513253e+01,8.869796234885478725e+01
1.123808354947294674e+02,5.243271810994821180e+01,-2.027253850321003981e+01,6.494371923943041303e+00
8.091236181975735064e+01,1.100761638314405673e+02,8.553206260883463585e+01,9.046672936736386816e+01
6.569516137409637224e+01,1.123022745336516550e+02,8.193117137183166676e+01,-2.706064260092342799e+00
1.132417811337844959e+01,0.000000000000000000e+00,0.000000000000000000e+00,0.000000000000000000e+00
5.871796719825135114e+01,9.227116876571383841e+01,2.046079295964919353e+01,-4.735421959117229562e+01
4.838987917147625240e+01,4.919148871204972551e+01,8.627917739647132578e+01,9.197928657219785009e+01
-6.282942308984223345e+00,5.276472472656426049e+01,8.873944173557896420e+01,-1.015235023711307605e+01
2.564637235870296550e+01,-4.001158526681861893e+00,1.454982820751148509e+01,1.627392804167832807e+01
-7.650663834198212932e-04,0.000000000000000000e+00,0.000000000000000000e+00,0.000000000000000000e+00
8.539226862240428773e+01,1.449277135634650051e+02,9.196369582347911376e+01,9.533618285831893502e+01
8.742308414308143938e+01,1.509773031559076060e+02,8.985973373328482694e+01,8.980196759855581945e+01
8.840077245243317350e+01,1.488834923143207618e+02,8.599247163160363527e+01,1.130526854442381506e+02
8.007306870978845836e+01,1.428346211363268026e+02,1.224702257983414810e+01,4.636972282948607216e+01
8.774941433688590564e+01,1.400886687641849448e+02,9.264341235076639691e+01,1.097633936886930570e+02
0.000000000000000000e+00,0.000000000000000000e+00,0.000000000000000000e+00,0.000000000000000000e+00
8.836542565415287243e+01,6.047001508428361660e+01,4.246948318136112732e+01,1.095252728948460543e+02
7.209892571661376337e+01,0.000000000000000000e+00,0.000000000000000000e+00,-5.214966427303849850e-01
6.542621471786662823e+01,1.496334658418773529e+02,8.364420281200706597e+01,1.110748401424248186e+02
3.561196683310317468e+00,1.503845892798489956e+02,9.106811675457963418e+01,4.026547031705572977e+01
0.000000000000000000e+00,0.000000000000000000e+00,0.000000000000000000e+00,0.000000000000000000e+00
3.681726650574449167e+01,0.000000000000000000e+00,0.000000000000000000e+00,-1.900000000000000000e+01
4.281882739739609178e+01,8.056156507670856115e+01,9.155690979732825951e+01,1.039109493375533759e+02
-1.286169475946473639e+01,5.434706141235519539e+01,1.759014517960833501e+01,8.430601428266879083e+00
-5.183588088533241489e+00,-1.000000000000000000e+01,1.194496946813676885e+01,0.000000000000000000e+00
0.000000000000000000e+00,0.000000000000000000e+00,0.000000000000000000e+00,0.000000000000000000e+00
8.798970255339901314e+01,1.090569698417789084e+02,1.114178799489162373e+02,8.437334768815139796e+01
8.777958893682355779e+01,1.064181302698067952e+02,1.145070562429191625e+02,4.440826656228058766e+01
8.852656003420170805e+01,1.078231619623048516e+02,9.502070339711193014e+01,8.945950040195398856e+01
8.674387194946798729e+01,1.083416678471752874e+02,5.195683473491536120e+01,2.272749581348175241e+01
8.795336078869604535e+01,7.443205872061817274e+01,1.128193341170531454e+02,8.910390443014317441e+01
0.000000000000000000e+00,0.000000000000000000e+00,0.000000000000000000e+00,0.000000000000000000e+00
8.315524584521585894e+01,4.317986841691519118e+01,2.413757240457548647e+01,7.885892327147966796e+01
8.667661527464730398e+01,1.071051388234696944e+01,-8.142317675626358664e+00,-4.267264025575503439e+00
4.529082000884852022e+01,1.076719971265678737e+02,1.100199888740030758e+02,9.000239605811516697e+01
5.077888508620805652e+00,1.085589343505928781e+02,1.091406174488863172e+02,3.844235190657440171e+01
-4.552508460910865473e+00,1.159421106065181739e+01,0.000000000000000000e+00,0.000000000000000000e+00
1.791826002974564958e+01,1.101334501835397646e+02,3.480917034071540428e+01,-2.850244232986237947e+01
8.298292329026054404e+00,6.612867563838486262e+01,1.101604120345031106e+02,8.890594934119221193e+01
-2.524982823467697202e+01,4.284370956197475522e+01,7.079071235895132475e+01,8.060712446046252921e+00
-1.928005133213236633e+00,-5.596362711532028023e+00,7.919622120726627656e+01,2.333849517897427717e+01
0.000000000000000000e+00,0.000000000000000000e+00,0.000000000000000000e+00,0.000000000000000000e+00
1.467243269222210529e+02,9.120632728871531469e+01,8.353755366890729306e+01,8.215903237964688799e+01
1.384401849722270299e+02,8.760573641526747224e+01,1.030346819710563295e+02,6.112174164803544585e+01
1.437821812573372142e+02,9.141755544796716038e+01,7.171301559013014071e+01,9.075816477222173262e+01
1.399861261211739532e+02,9.123192966283491501e+01,4.332935540983320521e+01,1.977439011888607823e+01
1.461736521721166469e+02,5.000302505555475818e+01,1.031661285703646200e+02,9.169651108141339080e+01
0.000000000000000000e+00,0.000000000000000000e+00,0.000000000000000000e+00,0.000000000000000000e+00
1.402693495217342274e+02,2.196168570454362623e+01,1.435579902628968085e+01,9.089732491026880723e+01
1.259042932442973211e+02,9.065758008506767496e+00,-3.648662057258988511e+00,3.373140614796028836e-02
1.341054838809554042e+02,9.178927297078355707e+01,1.019139406570151181e+02,9.218852962208625001e+01
7.606791873006025639e+01,8.623589795942135083e+01,1.012682839438002134e+02,8.587539842709754012e+00
0.000000000000000000e+00,0.000000000000000000e+00,0.000000000000000000e+00,0.000000000000000000e+00
2.951676653231519865e+01,6.418378899145719174e+01,-1.792510545006439360e+00,0.000000000000000000e+00
7.342263187287323944e+01,2.309922372380546207e+01,8.672137651408974079e+01,8.995406432016474696e+01
-8.811823019738689311e+00,-2.964519315578769021e+00,7.057042158601123560e+01,-5.588459015102089644e-01
6.629983128423440064e+01,-2.179374723344190468e+00,0.000000000000000000e+00,8.860495884267804101e+00
0.000000000000000000e+00,0.000000000000000000e+00,0.000000000000000000e+00,0.000000000000000000e+00
7.706791719960804699e+01,8.515167836096070175e+01,1.293705996631634321e+02,8.870517282820904370e+01
8.973354312915913056e+01,9.124680576010064215e+01,1.054703343520428547e+02,4.097761202923111412e+00
8.747236044733767812e+01,9.245657313491405205e+01,1.574571935061914196e+01,9.022168508357540873e+01
8.750862462543773290e+01,9.439857668920633671e+01,1.154186829124923186e+01,-3.595932173098478568e+00
9.863516521921580704e+01,-1.968017298874562826e+01,1.008655798953504075e+02,9.105658597455743575e+01
0.000000000000000000e+00,0.000000000000000000e+00,0.000000000000000000e+00,0.000000000000000000e+00
8.314645140262837231e+01,2.541868475359508661e+00,2.647227374872725036e+01,9.677935021331005316e+01
6.463347409386757647e+01,-1.987781459249670535e+00,0.000000000000000000e+00,-2.252948117015076246e+00
3.547726688936782580e+01,9.246067161074522289e+01,1.185062623456110771e+02,8.686188159298910705e+01
1.412869900585474348e+00,8.968993272945468220e+01,1.080390800984326489e+02,2.041476137189447471e+01
0.000000000000000000e+00,0.000000000000000000e+00,0.000000000000000000e+00,0.000000000000000000e+00
0.000000000000000000e+00,4.327779091753941287e+01,0.000000000000000000e+00,-1.033839193878755047e+01
-7.230484435216695260e+00,1.421506674752821375e+01,1.191799983384776027e+02,9.427922149229308957e+01
-2.468217385260674490e+01,-9.175257537041199285e+00,5.600848839422420156e+01,-1.153583054750086517e-01
-2.443499158012255812e+00,-3.789520100933539748e+00,-5.847604227632331453e-01,5.214288044526983157e+01
0.000000000000000000e+00,0.000000000000000000e+00,0.000000000000000000e+00,0.000000000000000000e+00
1.112120439615726184e+02,8.136098525129187919e+01,9.024457674229608983e+01,1.124499115462894281e+02
1.118428609239033733e+02,8.974065574830973446e+01,8.850611450875067021e+01,7.950464245138046238e+01
1.113819769238871800e+02,9.213615844143529898e+01,7.032354505345313100e+01,1.135431609931980859e+02
1.122259617186639673e+02,9.173510296616149162e+01,4.747784928799771365e+01,2.771640764976382343e+01
1.120177345025350490e+02,4.906432156711503723e+01,9.139468269056581562e+01,1.112337448735602266e+02
0.000000000000000000e+00,0.000000000000000000e+00,0.000000000000000000e+00,0.000000000000000000e+00
1.125341464755058780e+02,4.004322210727062981e+01,2.624921422495510370e+01,1.136015233667436490e+02
1.130277662290896501e+02,8.702882823948089097e+00,-2.230466063966775536e+01,3.771783276929532036e+01
7.555502194894539514e+01,9.120185788399740545e+01,9.131541168994553459e+01,1.120595122343684267e+02
5.414922447893982849e+01,8.231591290343794753e+01,9.071821554611994998e+01,6.481819980370623568e+01
1.123789255520167174e+01,0.000000000000000000e+00,0.000000000000000000e+00,0.000000000000000000e+00
-2.408919044874450466e-01,8.065483828040370895e+01,-1.791035695129690630e+00,-1.631966393931378434e+00
7.107644925432674654e+01,9.366754508696796933e+00,8.944895588086863825e+01,1.127350059347439242e+02
-1.467262513403623458e+01,-8.740451711240030619e+00,8.970932092459108276e+01,2.445470366633698589e+01
6.057329910475866797e+01,-2.807648831851081894e+01,9.533196767341262090e-02,1.129655074400958341e+02
0.000000000000000000e+00,0.000000000000000000e+00,0.000000000000000000e+00,0.000000000000000000e+00
8.761563717497497805e+01,1.068480809933057287e+02,8.771480863783652637e+01,1.453645625782395996e+02
8.791038305448103074e+01,1.024193402717538817e+02,9.113874395600780076e+01,1.378159513828454692e+02
8.344932499371277856e+01,1.112158240936249314e+02,7.154999556513797643e+01,1.377637482964434810e+02
8.189856530326234463e+01,1.091870416361613110e+02,4.029506935696436898e+01,5.846790882776554810e+01
8.843839347363710601e+01,8.516103562558443230e+01,9.080421805771653965e+01,1.441230797997470461e+02
0.000000000000000000e+00,0.000000000000000000e+00,0.000000000000000000e+00,0.000000000000000000e+00
8.771859384684150029e+01,5.657731016987651884e+01,8.608300432342231190e+00,1.533961081997085216e+02
1.677835452706523611e+01,0.000000000000000000e+00,-4.389793788748816539e+00,7.300667086003763018e+01
3.098657305867440215e+01,1.009024243033112356e+02,7.718958421770233258e+01,1.390869094181300341e+02
3.035500790063582599e+01,1.054852975723179043e+02,8.812912523292074241e+01,9.569763725017574529e+01
0.000000000000000000e+00,0.000000000000000000e+00,0.000000000000000000e+00,0.000000000000000000e+00
5.188528106066650381e+00,2.071457792039972645e+01,0.000000000000000000e+00,-3.275893836146920868e-01
3.593955036242611811e+01,5.995990020350942018e+01,9.173486793993357935e+01,1.428519289245139987e+02
-1.109650637147852414e+01,1.867196710242372859e+01,9.114408386398670459e+00,3.245237281227443482e+00
1.634441814666111270e+01,-3.339488917253483180e+01,8.568948646928889801e+00,1.267141491736039001e+02
0.000000000000000000e+00,0.000000000000000000e+00,0.000000000000000000e+00,0.000000000000000000e+00
8.608159633129518795e+01,8.040822846578882377e+01,1.096029662415152188e+02,1.072231941375597728e+02
8.746798603731384958e+01,8.141475404855997056e+01,1.074613493724090176e+02,4.883766103721486473e+01
8.852341868819969761e+01,8.226745426158539942e+01,9.874341530257892430e+01,1.076790922655765996e+02
7.729399517463406255e+01,8.931511626614124566e+01,5.032873382328275369e+01,2.714077542400058718e+01
8.853953542622735995e+01,6.088754452348698010e+01,1.096650491674644030e+02,1.065532550811038845e+02
0.000000000000000000e+00,0.000000000000000000e+00,0.000000000000000000e+00,0.000000000000000000e+00
8.678404428605233534e+01,2.271640580025371037e+01,3.960771248811671796e+01,1.071699553546642107e+02
8.696023341479407520e+01,8.248932855768131844e-02,-1.553146362234280353e+01,1.068881993185514112e+01
2.351377982694049962e+01,8.873635146974854138e+01,1.073484225937777836e+02,1.037974238683839872e+02
-8.881885242710218620e+00,8.652797726104283527e+01,1.092426123408089040e+02,7.693960182088375177e+01
0.000000000000000000e+00,0.000000000000000000e+00,0.000000000000000000e+00,1.000000000000000000e+00
-1.145895771330043722e+01,8.655559937806214066e+01,4.032638829714345974e+01,-1.775522469590119279e+00
1.417813212369092213e+01,4.508338807995087905e+01,1.087827137321141606e+02,1.086662501268239538e+02
-1.818113221573277372e+01,1.962303517795532670e+01,1.098813967262518219e+02,2.638928438872270732e+01
1.649810573979505790e+01,-8.812995624592453225e+00,6.872059628818099952e+01,1.101998998134119176e+02
-2.841917148050210340e+00,0.000000000000000000e+00,0.000000000000000000e+00,0.000000000000000000e+00
